UnknownWordPenalty0= 0.0
TargetLM= 0.0232145005761
PhrasePenalty0= -0.0064801213114
TranslationModel0= 0.0184831131018 0.00333055858419 0.0131752547121 0.00752743904939
PermutationExpectedKendallTau0= 0.184770044504 0.339348378573 0.339348378573
PermutationDistortion0= -0.00996517434501 -0.00996517434501 -0.00480949069711 -0.00480949069711
WordPenalty0= 0.0103596153551
SourceLM= 0.00732313530689
InputFeature0= 0.0