UnknownWordPenalty0= 0.0
TargetLM= 0.0217586730185
PhrasePenalty0= 0.0023987453317
TranslationModel0= 0.00752444579884 0.00560587396558 0.0060546673956 -0.00453351795522
PermutationExpectedKendallTau0= 0.369381759012 0.839684514791 0.839684514791
PermutationDistortion0= 0.00350279741058 0.00350279741058 0.000468787348933 0.000468787348933
WordPenalty0= 0.0301470376281
SourceLM= -0.00441205505338
InputFeature0= 0.0
TranslationModelAvg= 0.00366286729919
PermutationDistortionAvg= 0.00198579237976
HasVerb= -0.0442147244033
HasVerbAtEnd= 0.170827774504
HasVerbPunctAtEnd= 0.0286021704413