UnknownWordPenalty0= 0.0
TargetLM= 0.0352240469313
PhrasePenalty0= -0.00754778756949
TranslationModel0= 0.0227811507344 -0.00795849301158 0.0210585913595 -0.0112220175804
PermutationExpectedKendallTau0= -0.0590297579116 0.246537188289 0.246537188289
PermutationDistortion0= -0.0048421398342 -0.0048421398342 0.00130553637817 0.00130553637817
WordPenalty0= 0.0323261077357
SourceLM= 0.00445744496356
InputFeature0= 0.0
TranslationModelAvg= 0.00616480787689
PermutationDistortionAvg= -0.00176830172801
HasVerb= 0.00421211144495
HasVerbAtEnd= 0.134159217117