UnknownWordPenalty0= 0.0
TargetLM= 0.0347356745009
PhrasePenalty0= -0.00629481700405
TranslationModel0= 0.00740892173373 0.0123673334537 0.0126702299443 0.0173083277091
PermutationExpectedKendallTau0= -0.167018127895 0.120202160036 0.120202160036
PermutationDistortion0= 0.00773486108703 0.00773486108703 -0.000629725740577 -0.000629725740577
WordPenalty0= 0.0185689875961
SourceLM= -0.0084424346838
InputFeature0= 0.0
TranslationModelAvg= 0.0124387032089
PermutationDistortionAvg= 0.00355256767323
HasVerbAtEnd= 0.1953119536
HasVerbPunctAtEnd= 0.0107551865301