UnknownWordPenalty0= 0.0
TargetLM= 0.0343787327042
PhrasePenalty0= -0.0264283883119
TranslationModel0= 0.00774718237682 -4.13541103013e-05 0.00943402919686 0.0158035964782
PermutationExpectedKendallTau0= 0.0880769636422 0.0537979589486 0.0537979589486
PermutationDistortion0= -0.0067697879322 -0.0067697879322 -0.00299224571281 -0.00299224571281
WordPenalty0= 0.033371608082
SourceLM= -0.000290262559502
InputFeature0= 0.0
TranslationModelAvg= 0.00823586348433
PermutationDistortionAvg= -0.0048810168225
HasVerb= 0.033275224273
HasVerbPunctAtEnd= -0.0270848073537