UnknownWordPenalty0= 0.0
TargetLM= 0.0421140647253
PhrasePenalty0= -0.0182041276393
TranslationModel0= 0.0207939421888 0.00221493746136 0.00610123489282 0.0135482608798
PermutationExpectedKendallTau0= -0.137883837177 0.259537743704 0.259537743704
PermutationDistortion0= -0.00324885573264 -0.00324885573264 -0.0104551675345 -0.0104551675345
WordPenalty0= 0.0243767049929
SourceLM= -0.00193462946733
InputFeature0= 0.0
TranslationModelAvg= 0.0106645938544
HasVerb= -0.0372278656881
HasVerbAtEnd= -0.0567915449957
HasVerbPunctAtEnd= 0.00850622438474