UnknownWordPenalty0= 0.0
TargetLM= 0.0315385884489
PhrasePenalty0= -0.0227741050978
TranslationModel0= 0.0185679621978 0.000460265872506 0.0123131045323 0.0199140673399
PermutationExpectedKendallTau0= -0.0193393177302 0.205232136049 0.205232136049
PermutationDistortion0= -0.00831902608123 -0.00831902608123 -0.00114344958768 -0.00114344958768
WordPenalty0= 0.0223685006768
SourceLM= -0.0054859432857
InputFeature0= 0.0
PermutationDistortionAvg= -0.00473123783445
HasVerb= 0.0488172561869
HasVerbAtEnd= 0.0869303540227
HasVerbPunctAtEnd= -0.028153418024